# oST version 5.0 parameters


[image]

width
736

height
736

[narrow_stereo]

camera matrix
373.090775 0.704521 367.163913
0.000000 377.288952 367.551978
0.000000 0.000000 1.000000

distortion
0.103583 -2.752804 6.513619 -1.478954

rectification
1.000000 0.000000 0.000000
0.000000 1.000000 0.000000
0.000000 0.000000 1.000000

projection
373.090775 0.704521 367.163913 0.000000
0.000000 377.288952 367.551978 0.000000
0.000000 0.000000 1.000000 0.000000
