# oST version 5.0 parameters


[image]

width
736

height
736

[narrow_stereo]

camera matrix
302.781904 -1.094469 368.380076
0.000000 306.360667 369.332137
0.000000 0.000000 1.000000

distortion
-0.243739 2.980948 -14.047137 8.987347

rectification
1.000000 0.000000 0.000000
0.000000 1.000000 0.000000
0.000000 0.000000 1.000000

projection
302.781904 -1.094469 368.380076 0.000000
0.000000 306.360667 369.332137 0.000000
0.000000 0.000000 1.000000 0.000000
